"GAME_ID","INN_CT","BAT_HOME_ID","SUB_ID","SUB_HOME_ID","SUB_LINEUP_ID","SUB_FLD_CD","REMOVED_ID","REMOVED_FLD_CD","EVENT_ID"
"TBA201504060",3,1,"dejed001",1,1,11,"jasoj001",10,23
"TBA201504060",6,0,"gelts001",1,0,1,"archc001",1,42
"TBA201504060",7,1,"odayd001",0,0,1,"tillc001",1,52
"TBA201504060",8,0,"friee001",1,0,1,"gelts001",1,54
"TBA201504060",8,0,"belij001",1,0,1,"friee001",1,58
"TBA201504060",8,0,"balfg001",1,0,1,"belij001",1,59
"TBA201504060",8,1,"bracb001",0,0,1,"odayd001",1,60
"TBA201504060",8,1,"huntt002",0,0,1,"bracb001",1,63
"TBA201504060",9,0,"yatek001",1,0,1,"balfg001",1,66
"TBA201504060",9,1,"britz001",0,0,1,"huntt002",1,70
"TBA201504060",9,1,"guyeb001",1,5,11,"lonej001",3,70
"TBA201504070",5,1,"gausk001",0,0,1,"chenw001",1,43
"TBA201504070",6,0,"balfg001",1,0,1,"karnn001",1,50
"TBA201504070",7,0,"gelts001",1,0,1,"balfg001",1,58
"TBA201504070",7,1,"odayd001",0,0,1,"gausk001",1,63
"TBA201504070",8,0,"jepsk001",1,0,1,"gelts001",1,64
"TBA201504070",9,0,"boxbb001",1,0,1,"jepsk001",1,70
"TBA201504070",9,1,"flahr001",0,7,6,"flahr001",4,73
"TBA201504070",9,1,"schoj001",0,9,4,"cabre001",6,73
"TBA201504070",9,1,"britz001",0,0,1,"odayd001",1,73
"TBA201504080",6,1,"matub001",0,0,1,"gonzm003",1,43
"TBA201504080",6,1,"guyeb001",1,6,11,"kierk001",8,43
"TBA201504080",6,1,"beckt001",1,8,11,"dyksa001",3,46
"TBA201504080",7,0,"jennd002",1,5,8,"jennd002",7,47
"TBA201504080",7,0,"guyeb001",1,6,7,"guyeb001",11,47
"TBA201504080",7,0,"forsl001",1,7,3,"forsl001",4,47
"TBA201504080",7,0,"beckt001",1,8,4,"beckt001",11,47
"TBA201504080",7,0,"belij001",1,0,1,"odorj001",1,49
"TBA201504080",7,1,"garcj005",0,0,1,"matub001",1,50
"TBA201504080",8,0,"jepsk001",1,0,1,"belij001",1,54
"TBA201504080",8,1,"bracb001",0,0,1,"garcj005",1,58
"TBA201504080",8,1,"wrigw001",0,0,1,"bracb001",1,61
"TBA201504080",9,0,"boxbb001",1,0,1,"jepsk001",1,62
"TBA201504170",5,1,"rogee002",0,0,1,"warra001",1,40
"TBA201504170",6,0,"friee001",1,0,1,"karnn001",1,44
"TBA201504170",7,0,"riefc001",1,0,1,"friee001",1,52
"TBA201504170",7,1,"wilsj004",0,0,1,"rogee002",1,56
"TBA201504170",7,1,"betad001",0,0,1,"wilsj004",1,57
"TBA201504170",8,0,"jepsk001",1,0,1,"riefc001",1,60
"TBA201504170",8,0,"gardb001",0,3,12,"beltc001",9,61
"TBA201504170",8,1,"gardb001",0,3,7,"gardb001",12,66
"TBA201504170",8,1,"younc004",0,8,9,"younc004",7,66
"TBA201504170",8,1,"milla002",0,0,1,"betad001",1,68
"TBA201504170",8,1,"river003",1,6,11,"dyksa001",3,68
"TBA201504170",9,0,"river003",1,6,3,"river003",11,69
"TBA201504170",9,0,"gelts001",1,0,1,"jepsk001",1,69
"TBA201504170",9,1,"guyeb001",1,1,11,"kierk001",8,75
"TBA201504180",7,0,"riefc001",1,0,1,"odorj001",1,47
"TBA201504180",7,0,"balfg001",1,0,1,"riefc001",1,51
"TBA201504180",7,1,"beckt001",1,3,11,"cabra002",6,59
"TBA201504180",7,1,"bretr001",1,4,11,"longe001",5,60
"TBA201504180",8,0,"beckt001",1,3,6,"beckt001",11,62
"TBA201504180",8,0,"bretr001",1,4,4,"bretr001",11,62
"TBA201504180",8,0,"forsl001",1,7,5,"forsl001",4,62
"TBA201504180",8,0,"domij002",1,0,1,"balfg001",1,62
"TBA201504180",8,1,"joneg002",0,4,3,"teixm001",3,65
"TBA201504180",8,1,"carpd001",0,0,1,"tanam001",1,65
"TBA201504180",9,1,"murpj001",0,1,2,"ellsj001",8,71
"TBA201504180",9,1,"joneg002",0,4,9,"joneg002",3,71
"TBA201504180",9,1,"mccab002",0,5,3,"mccab002",2,71
"TBA201504180",9,1,"younc004",0,6,8,"younc004",9,71
"TBA201504180",9,1,"pindb001",0,0,1,"carpd001",1,71
"TBA201504190",4,0,"gelts001",1,0,1,"andrm001",1,34
"TBA201504190",5,0,"gomeb001",1,0,1,"gelts001",1,47
"TBA201504190",6,1,"martc007",0,0,1,"pinem001",1,59
"TBA201504190",6,1,"kierk001",1,8,11,"beckt001",4,60
"TBA201504190",7,0,"bretr001",1,8,4,"kierk001",11,61
"TBA201504190",7,0,"friee001",1,0,1,"gomeb001",1,64
"TBA201504190",7,0,"younc004",0,7,12,"joneg002",9,65
"TBA201504190",7,1,"younc004",0,7,9,"younc004",12,67
"TBA201504190",7,1,"wilsj004",0,0,1,"martc007",1,68
"TBA201504190",7,1,"forsl001",1,1,11,"dejed001",10,68
"TBA201504190",7,1,"betad001",0,0,1,"wilsj004",1,70
"TBA201504190",9,0,"ramie004",1,0,1,"friee001",1,80
"TBA201504190",9,1,"milla002",0,0,1,"betad001",1,83
"TBA201504210",4,0,"forsl001",1,3,4,"forsl001",3,24
"TBA201504210",4,0,"dyksa001",1,8,3,"bretr001",4,24
"TBA201504210",6,0,"gomeb001",1,0,1,"archc001",1,44
"TBA201504210",6,1,"ogana001",0,0,1,"milew001",1,50
"TBA201504210",7,1,"rossr002",0,0,1,"ogana001",1,56
"TBA201504210",7,1,"cabra002",1,8,11,"dyksa001",3,56
"TBA201504210",8,0,"forsl001",1,3,3,"forsl001",4,57
"TBA201504210",8,0,"beckt001",1,6,4,"beckt001",6,57
"TBA201504210",8,0,"cabra002",1,8,6,"cabra002",11,57
"TBA201504210",8,0,"friee001",1,0,1,"gomeb001",1,57
"TBA201504210",8,1,"tazaj001",0,0,1,"rossr002",1,61
"TBA201504210",8,1,"dejed001",1,9,11,"wilsb002",2,61
"TBA201504210",9,0,"domij002",1,1,1,"guyeb001",7,64
"TBA201504210",9,0,"river003",1,7,2,"river003",10,64
"TBA201504210",9,0,"dejed001",1,9,7,"dejed001",11,64
"TBA201504210",9,1,"uehak001",0,0,1,"tazaj001",1,68
"TBA201504220",5,0,"craia001",0,7,11,"victs001",9,41
"TBA201504220",5,1,"craia001",0,7,9,"craia001",11,42
"TBA201504220",6,1,"bresc001",0,0,1,"kellj001",1,56
"TBA201504220",6,1,"guyeb001",1,8,11,"kierk001",8,56
"TBA201504220",6,1,"elmoj001",1,6,12,"dyksa001",3,56
"TBA201504220",6,1,"beckt001",1,1,11,"dejed001",10,58
"TBA201504220",6,1,"mujie001",0,0,1,"bresc001",1,59
"TBA201504220",7,0,"wilsb002",1,2,2,"souzs001",9,60
"TBA201504220",7,0,"jennd002",1,5,8,"jennd002",7,60
"TBA201504220",7,0,"elmoj001",1,6,7,"elmoj001",12,60
"TBA201504220",7,0,"guyeb001",1,8,9,"guyeb001",11,60
"TBA201504220",7,0,"river003",1,9,3,"river003",2,60
"TBA201504220",7,0,"boxbb001",1,0,1,"karnn001",1,60
"TBA201504220",7,1,"varva001",0,0,1,"mujie001",1,68
"TBA201504220",8,0,"jepsk001",1,0,1,"boxbb001",1,69
"TBA201504220",9,0,"gelts001",1,0,1,"jepsk001",1,76
"TBA201504230",7,0,"gomeb001",1,0,1,"odorj001",1,51
"TBA201504230",7,0,"ramih003",0,9,11,"leons001",2,51
"TBA201504230",7,1,"hanir001",0,9,2,"ramih003",11,52
"TBA201504230",7,1,"ogana001",0,0,1,"buchc001",1,52
"TBA201504230",8,0,"jepsk001",1,0,1,"gomeb001",1,56
"TBA201504230",8,1,"tazaj001",0,0,1,"ogana001",1,60
"TBA201504230",9,0,"boxbb001",1,0,1,"jepsk001",1,64
"TBA201504230",9,1,"varva001",0,0,1,"tazaj001",1,67
"TBA201504230",9,1,"beckt001",1,6,12,"dyksa001",3,68
"TBA201504240",5,0,"domij002",1,0,1,"smyld001",1,38
"TBA201504240",5,1,"franj003",0,0,1,"dickr001",1,45
"TBA201504240",6,1,"goinr001",0,1,6,"reyej001",6,51
"TBA201504240",6,1,"beckt001",1,1,11,"dejed001",10,51
"TBA201504240",7,0,"andrm001",1,0,1,"domij002",1,56
"TBA201504240",7,1,"smoaj001",0,4,3,"encae001",3,59
"TBA201504240",8,0,"elmoj001",1,7,4,"forsl001",4,65
"TBA201504250",5,0,"gomeb001",1,0,1,"ramie004",1,33
"TBA201504250",7,0,"gelts001",1,0,1,"gomeb001",1,48
"TBA201504250",7,1,"kierk001",1,9,12,"wilsb002",2,56
"TBA201504250",8,0,"dejed001",1,5,7,"jennd002",8,57
"TBA201504250",8,0,"river003",1,1,2,"guyeb001",7,57
"TBA201504250",8,0,"kierk001",1,9,8,"kierk001",12,57
"TBA201504250",8,0,"friee001",1,0,1,"gelts001",1,57
"TBA201504250",8,1,"osunr001",0,0,1,"norrd002",1,60
"TBA201504250",8,1,"cecib001",0,0,1,"osunr001",1,63
"TBA201504250",8,1,"castm002",0,0,1,"cecib001",1,64
"TBA201504250",8,1,"lonej001",1,6,11,"forsl001",3,64
"TBA201504250",9,0,"lonej001",1,6,3,"lonej001",11,67
"TBA201504250",9,0,"boxbb001",1,0,1,"friee001",1,67
"TBA201504260",6,1,"estrm001",0,0,1,"buehm001",1,50
"TBA201504260",8,0,"andrm001",1,0,1,"archc001",1,59
"TBA201504260",8,1,"loupa001",0,0,1,"estrm001",1,63
"TBA201505070",4,0,"ramie004",1,0,1,"archc001",1,30
"TBA201505070",5,1,"claua001",0,0,1,"martn002",1,46
"TBA201505070",7,1,"kelak001",0,0,1,"claua001",1,58
"TBA201505070",8,0,"friee001",1,0,1,"ramie004",1,61
"TBA201505070",8,1,"tolls002",0,0,1,"kelak001",1,67
"TBA201505070",9,0,"gomeb001",1,0,1,"friee001",1,71
"TBA201505070",9,1,"smolj002",0,1,7,"choos001",9,74
"TBA201505070",9,1,"peguc001",0,6,9,"peguc001",7,74
"TBA201505070",9,1,"felin001",0,0,1,"tolls002",1,74
"TBA201505080",6,1,"claua001",0,0,1,"gally001",1,46
"TBA201505080",6,1,"guyeb001",1,5,11,"dejed001",7,46
"TBA201505080",6,1,"bassa001",0,0,1,"claua001",1,47
"TBA201505080",7,0,"guyeb001",1,5,7,"guyeb001",11,50
"TBA201505080",7,1,"pimes001",0,0,1,"bassa001",1,53
"TBA201505080",8,0,"cedex001",1,0,1,"karnn001",1,58
"TBA201505080",8,0,"jepsk001",1,0,1,"cedex001",1,61
"TBA201505080",8,0,"odorr001",0,5,12,"blank002",3,63
"TBA201505080",8,1,"odorr001",0,5,4,"odorr001",12,64
"TBA201505080",8,1,"rosaa001",0,8,3,"rosaa001",4,64
"TBA201505080",9,0,"gelts001",1,0,1,"jepsk001",1,72
"TBA201505090",4,0,"gomeb001",1,0,1,"andrm001",1,32
"TBA201505090",5,0,"gelts001",1,0,1,"gomeb001",1,43
"TBA201505090",5,1,"bassa001",0,0,1,"detwr001",1,46
"TBA201505090",6,0,"bella001",1,0,1,"gelts001",1,52
"TBA201505090",7,1,"patts002",0,0,1,"bassa001",1,64
"TBA201505090",9,0,"guyeb001",1,1,7,"guyeb001",8,75
"TBA201505090",9,0,"kierk001",1,5,8,"butlj002",7,75
"TBA201505090",9,0,"boxbb001",1,0,1,"bella001",1,79
"TBA201505100",7,0,"cedex001",1,0,1,"odorj001",1,49
"TBA201505100",7,1,"kelak001",0,0,1,"rodrw002",1,50
"TBA201505100",8,0,"jepsk001",1,0,1,"cedex001",1,55
"TBA201505100",8,0,"deshd002",0,3,12,"fielp001",10,57
"TBA201505100",8,0,"friee001",1,0,1,"jepsk001",1,60
"TBA201505100",8,1,"smolj002",0,1,7,"choos001",9,61
"TBA201505100",8,1,"peguc001",0,6,9,"peguc001",7,61
"TBA201505100",8,1,"tolls002",0,0,1,"kelak001",1,61
"TBA201505100",8,1,"dejed001",1,1,11,"guyeb001",7,63
"TBA201505100",9,0,"dejed001",1,1,7,"dejed001",11,65
"TBA201505100",9,1,"felin001",0,0,1,"tolls002",1,69
"TBA201505100",9,1,"lonej001",1,5,11,"butlj002",10,71
"TBA201505110",7,0,"friee001",1,0,1,"coloa001",1,51
"TBA201505110",8,0,"ramie004",1,0,1,"friee001",1,62
"TBA201505110",8,1,"carpd001",0,0,1,"sabac001",1,65
"TBA201505110",9,1,"pindb001",0,0,1,"carpd001",1,77
"TBA201505120",8,0,"jepsk001",1,0,1,"archc001",1,57
"TBA201505120",8,1,"teixm001",0,8,3,"joneg002",3,61
"TBA201505120",8,1,"betad001",0,0,1,"eovan001",1,64
"TBA201505120",9,0,"boxbb001",1,0,1,"jepsk001",1,70
"TBA201505130",6,0,"cedex001",1,0,1,"karnn001",1,47
"TBA201505130",7,0,"gomeb001",1,0,1,"cedex001",1,55
"TBA201505130",8,0,"jepsk001",1,0,1,"gomeb001",1,62
"TBA201505130",8,0,"headc001",0,8,11,"pirej001",4,64
"TBA201505130",8,1,"drews001",0,7,4,"drews001",5,66
"TBA201505130",8,1,"headc001",0,8,5,"headc001",11,66
"TBA201505130",8,1,"milla002",0,0,1,"warra001",1,66
"TBA201505130",9,0,"guyeb001",1,8,7,"butlj002",7,69
"TBA201505130",9,0,"boxbb001",1,0,1,"jepsk001",1,69
"TBA201505140",2,1,"rogee002",0,0,1,"whitc001",1,20
"TBA201505140",6,0,"andrm001",1,0,1,"ramie004",1,45
"TBA201505140",6,1,"carpd001",0,0,1,"rogee002",1,50
"TBA201505140",7,1,"shrec001",0,0,1,"carpd001",1,56
"TBA201505140",7,1,"guyeb001",1,6,11,"dejed001",7,61
"TBA201505140",8,0,"guyeb001",1,6,7,"guyeb001",11,62
"TBA201505140",8,1,"pindb001",0,0,1,"shrec001",1,67
"TBA201505210",6,0,"gelts001",1,0,1,"coloa001",1,41
"TBA201505210",7,0,"jepsk001",1,0,1,"gelts001",1,47
"TBA201505210",7,1,"mujie001",0,0,1,"chavj001",1,53
"TBA201505210",7,1,"rodrf004",0,0,1,"mujie001",1,57
"TBA201505210",8,0,"mcgej001",1,0,1,"jepsk001",1,58
"TBA201505210",8,0,"canhm001",0,9,11,"sogae001",4,58
"TBA201505210",8,1,"muncm001",0,6,5,"muncm001",3,61
"TBA201505210",8,1,"lawrb002",0,7,4,"lawrb002",5,61
"TBA201505210",8,1,"canhm001",0,9,3,"canhm001",11,61
"TBA201505210",8,1,"casta004",0,0,1,"rodrf004",1,61
"TBA201505210",9,0,"boxbb001",1,0,1,"mcgej001",1,66
"TBA201505220",6,0,"semim001",0,8,11,"parra001",6,53
"TBA201505220",6,0,"gomeb001",1,0,1,"archc001",1,54
"TBA201505220",6,1,"semim001",0,8,6,"semim001",11,56
"TBA201505220",6,1,"scrie001",0,0,1,"kazms001",1,59
"TBA201505220",6,1,"dejed001",1,1,11,"guyeb001",8,59
"TBA201505220",7,0,"dejed001",1,1,7,"dejed001",11,60
"TBA201505220",7,0,"kierk001",1,5,8,"butlj002",7,60
"TBA201505220",7,0,"cedex001",1,0,1,"gomeb001",1,63
"TBA201505220",7,1,"abadf001",0,0,1,"scrie001",1,67
"TBA201505220",8,0,"jepsk001",1,0,1,"cedex001",1,69
"TBA201505220",8,1,"leona001",0,0,1,"abadf001",1,74
"TBA201505220",9,0,"friee001",1,0,1,"jepsk001",1,78
"TBA201505220",9,0,"boxbb001",1,0,1,"friee001",1,82
"TBA201505230",6,0,"cedex001",1,0,1,"karnn001",1,45
"TBA201505230",7,0,"romee002",1,0,1,"cedex001",1,54
"TBA201505230",7,1,"scrie001",0,0,1,"gravk001",1,58
"TBA201505230",8,0,"parra001",0,5,11,"muncm001",5,61
"TBA201505230",8,1,"parra001",0,5,5,"parra001",11,69
"TBA201505230",9,1,"clipt001",0,0,1,"scrie001",1,77
"TBA201505230",9,1,"butlj002",1,9,11,"river003",2,82
"TBA201505240",3,1,"butlj002",1,2,11,"souzs001",9,25
"TBA201505240",4,0,"butlj002",1,2,7,"butlj002",11,26
"TBA201505240",4,0,"guyeb001",1,8,9,"guyeb001",7,26
"TBA201505240",6,1,"oterd001",0,0,1,"grays001",1,47
"TBA201505240",7,0,"friee001",1,0,1,"ramie004",1,51
"TBA201505240",8,0,"guilp001",1,0,1,"friee001",1,61
"TBA201505240",8,1,"rodrf004",0,0,1,"oterd001",1,65
"TBA201505240",8,1,"scrie001",0,0,1,"rodrf004",1,69
"TBA201505240",8,1,"frann001",1,7,11,"cabra002",6,71
"TBA201505240",9,0,"frann001",1,7,6,"frann001",11,73
"TBA201505240",9,1,"parra001",0,6,5,"muncm001",5,79
"TBA201505240",9,1,"leona001",0,0,1,"scrie001",1,79
"TBA201505250",7,1,"ackld001",0,6,8,"ruggj001",8,55
"TBA201505250",7,1,"lowem002",0,0,1,"eliar001",1,55
"TBA201505250",8,0,"gelts001",1,0,1,"odorj001",1,60
"TBA201505250",8,1,"smitc004",0,0,1,"lowem002",1,66
"TBA201505250",8,1,"dejed001",1,6,11,"elmoj001",7,67
"TBA201505250",9,0,"dejed001",1,6,7,"dejed001",11,70
"TBA201505250",9,0,"gomeb001",1,0,1,"gelts001",1,70
"TBA201505250",9,1,"rodnf001",0,0,1,"smitc004",1,75
"TBA201505260",6,0,"cedex001",1,0,1,"coloa001",1,48
"TBA201505260",6,0,"gelts001",1,0,1,"cedex001",1,50
"TBA201505260",7,0,"jepsk001",1,0,1,"gelts001",1,54
"TBA201505260",7,1,"wilht001",0,0,1,"happj001",1,57
"TBA201505260",8,0,"mcgej001",1,0,1,"jepsk001",1,62
"TBA201505260",8,0,"weekr001",0,2,11,"smits002",9,62
"TBA201505260",8,0,"bloow001",0,2,12,"weekr001",11,63
"TBA201505260",8,0,"friee001",1,0,1,"mcgej001",1,67
"TBA201505260",8,1,"bloow001",0,2,9,"bloow001",12,71
"TBA201505260",8,1,"ackld001",0,8,7,"millb002",7,71
"TBA201505260",8,1,"furbc001",0,0,1,"wilht001",1,72
"TBA201505260",9,1,"rodnf001",0,0,1,"furbc001",1,77
"TBA201505260",9,1,"dejed001",1,9,11,"river003",2,77
"TBA201505260",9,1,"cabra002",1,5,11,"beckt001",6,82
"TBA201505260",10,0,"cabra002",1,5,6,"cabra002",11,86
"TBA201505260",10,0,"wilsb002",1,9,2,"dejed001",11,86
"TBA201505260",10,0,"boxbb001",1,0,1,"friee001",1,86
"TBA201505260",10,1,"beimj001",0,0,1,"rodnf001",1,92
"TBA201505270",8,0,"beckt001",1,1,4,"kierk001",8,46
"TBA201505270",8,0,"dejed001",1,4,9,"dejed001",7,46
"TBA201505270",8,0,"elmoj001",1,7,7,"elmoj001",4,46
"TBA201505270",8,0,"guyeb001",1,8,8,"guyeb001",9,46
"TBA201505270",9,0,"boxbb001",1,0,1,"archc001",1,52
"TBA201505270",9,0,"taylc001",0,2,12,"smits002",9,56
"TBA201505270",9,1,"taylc001",0,2,6,"taylc001",12,58
"TBA201505270",9,1,"millb002",0,7,9,"millb002",6,58
"TBA201505270",9,1,"cabra002",1,9,11,"river003",2,58
"TBA201506090",6,0,"romee002",1,0,1,"karnn001",1,46
"TBA201506090",7,1,"featt001",0,5,5,"freed001",5,57
"TBA201506090",7,1,"salaf001",0,0,1,"shoem001",1,60
"TBA201506090",7,1,"longe001",1,9,11,"river003",2,61
"TBA201506090",8,0,"elmoj001",1,7,3,"elmoj001",5,62
"TBA201506090",8,0,"wilsb002",1,8,2,"frann001",3,62
"TBA201506090",8,0,"longe001",1,9,5,"longe001",11,62
"TBA201506090",8,1,"alvaj003",0,0,1,"salaf001",1,70
"TBA201506090",8,1,"guyeb001",1,1,11,"kierk001",8,70
"TBA201506090",8,1,"mahtm001",1,3,11,"dejed001",7,72
"TBA201506090",9,0,"guyeb001",1,1,7,"guyeb001",11,73
"TBA201506090",9,0,"mahtm001",1,3,8,"mahtm001",11,73
"TBA201506090",9,0,"gelts001",1,0,1,"romee002",1,73
"TBA201506090",9,1,"bedrc001",0,0,1,"alvaj003",1,76
"TBA201506100",6,0,"gelts001",1,0,1,"ramie004",1,45
"TBA201506100",7,0,"jepsk001",1,0,1,"gelts001",1,51
"TBA201506100",8,0,"boxbb001",1,0,1,"jepsk001",1,59
"TBA201506100",8,1,"salaf001",0,0,1,"weavj003",1,66
"TBA201506100",9,0,"mcgej001",1,0,1,"boxbb001",1,68
"TBA201506100",9,0,"iannc001",0,6,11,"joycm001",7,69
"TBA201506100",9,0,"freed001",0,8,11,"kubik001",5,71
"TBA201506110",6,0,"gomeb001",1,0,1,"coloa001",1,42
"TBA201506110",7,0,"jepsk001",1,0,1,"gomeb001",1,48
"TBA201506110",7,0,"boxbb001",1,0,1,"jepsk001",1,52
"TBA201506110",7,0,"guilp001",1,0,1,"boxbb001",1,55
"TBA201506110",8,1,"smitj002",0,0,1,"richg002",1,64
"TBA201506110",9,0,"cedex001",1,0,1,"guilp001",1,71
"TBA201506110",9,0,"cronc002",0,6,11,"joycm001",10,73
"TBA201506110",9,1,"streh001",0,0,1,"smitj002",1,74
"TBA201506120",6,0,"cedex001",1,0,1,"andrm001",1,47
"TBA201506120",6,0,"beckg001",0,7,11,"gillc001",5,47
"TBA201506120",6,1,"beckg001",0,7,5,"beckg001",11,48
"TBA201506120",6,1,"webbd001",0,0,1,"dankj001",1,51
"TBA201506120",6,1,"kierk001",1,1,11,"guyeb001",7,52
"TBA201506120",7,0,"kierk001",1,1,8,"kierk001",11,57
"TBA201506120",7,0,"mahtm001",1,8,7,"mahtm001",8,57
"TBA201506120",7,0,"gomeb001",1,0,1,"cedex001",1,60
"TBA201506120",7,1,"guerj003",0,0,1,"webbd001",1,64
"TBA201506120",7,1,"dejed001",1,8,11,"mahtm001",7,68
"TBA201506120",8,0,"dejed001",1,8,7,"dejed001",11,70
"TBA201506120",8,0,"gelts001",1,0,1,"gomeb001",1,70
"TBA201506120",9,0,"mcgej001",1,0,1,"gelts001",1,78
"TBA201506130",7,1,"forsl001",1,9,11,"casac001",2,52
"TBA201506130",8,0,"river003",1,9,2,"forsl001",11,54
"TBA201506130",8,0,"eatoa002",0,8,11,"sancc001",4,54
"TBA201506130",8,0,"gillc001",0,9,11,"sotog001",2,55
"TBA201506130",8,0,"boxbb001",1,0,1,"archc001",1,55
"TBA201506130",8,1,"flowt001",0,1,2,"shucj001",8,61
"TBA201506130",8,1,"beckg001",0,7,4,"beckg001",5,61
"TBA201506130",8,1,"eatoa002",0,8,8,"eatoa002",11,61
"TBA201506130",8,1,"gillc001",0,9,5,"gillc001",11,61
"TBA201506130",8,1,"putnz001",0,0,1,"samaj001",1,61
"TBA201506130",8,1,"petrj001",0,0,1,"putnz001",1,68
"TBA201506130",9,0,"mcgej001",1,0,1,"boxbb001",1,70
"TBA201506130",9,0,"bonie001",0,9,11,"gillc001",5,73
"TBA201506140",7,0,"riefc001",1,0,1,"karnn001",1,50
"TBA201506140",7,1,"petrj001",0,0,1,"salec001",1,61
"TBA201506140",8,0,"guyeb001",1,1,7,"guyeb001",8,62
"TBA201506140",8,0,"kierk001",1,2,8,"butlj002",7,62
"TBA201506140",8,0,"gelts001",1,0,1,"riefc001",1,62
"TBA201506140",8,1,"dukez001",0,0,1,"petrj001",1,65
"TBA201506140",9,0,"jepsk001",1,0,1,"gelts001",1,69
"TBA201506140",9,0,"gillc001",0,7,11,"beckg001",5,71
"TBA201506150",4,1,"hillt001",0,0,1,"gonzg003",1,42
"TBA201506150",5,1,"frann001",1,3,12,"longe001",5,57
"TBA201506150",6,0,"frann001",1,3,3,"frann001",12,58
"TBA201506150",6,0,"elmoj001",1,6,5,"elmoj001",3,58
"TBA201506150",7,0,"riefc001",1,0,1,"ramie004",1,66
"TBA201506150",8,0,"romee002",1,0,1,"riefc001",1,73
"TBA201506150",8,0,"moort002",0,6,11,"robic001",9,74
"TBA201506150",8,1,"moort002",0,6,9,"moort002",11,76
"TBA201506150",8,1,"carpd001",0,0,1,"hillt001",1,76
"TBA201506150",9,0,"cedex001",1,0,1,"romee002",1,80
"TBA201506150",9,0,"uggld001",0,1,11,"spand001",8,82
"TBA201506160",3,0,"riefc001",1,0,1,"coloa001",1,24
"TBA201506160",5,0,"romee002",1,0,1,"riefc001",1,40
"TBA201506160",5,1,"frann001",1,3,11,"longe001",5,49
"TBA201506160",6,0,"frann001",1,3,3,"frann001",11,50
"TBA201506160",6,0,"elmoj001",1,8,5,"elmoj001",3,50
"TBA201506160",7,0,"gomeb001",1,0,1,"romee002",1,61
"TBA201506160",7,0,"dendm001",0,1,12,"spand001",8,62
"TBA201506160",7,0,"moort002",0,4,11,"harpb003",9,64
"TBA201506160",7,1,"dendm001",0,1,7,"dendm001",12,65
"TBA201506160",7,1,"moort002",0,4,3,"moort002",11,65
"TBA201506160",7,1,"robic001",0,6,9,"robic001",3,65
"TBA201506160",7,1,"taylm002",0,8,8,"taylm002",7,65
"TBA201506160",8,0,"casac001",1,2,2,"butlj002",10,68
"TBA201506160",8,0,"frann001",1,3,4,"frann001",3,68
"TBA201506160",8,0,"forsl001",1,5,5,"forsl001",4,68
"TBA201506160",8,0,"elmoj001",1,8,1,"elmoj001",5,68
"TBA201506160",8,0,"river003",1,9,3,"river003",2,68
"TBA201506160",8,1,"rivef001",0,0,1,"roart001",1,74
"TBA201506160",8,1,"guyeb001",1,4,11,"dejed001",7,76
"TBA201506160",9,0,"frann001",1,3,1,"frann001",4,77
"TBA201506160",9,0,"guyeb001",1,4,7,"guyeb001",11,77
"TBA201506160",9,0,"forsl001",1,5,4,"forsl001",5,77
"TBA201506160",9,0,"elmoj001",1,8,5,"elmoj001",1,77
"TBA201506160",9,0,"rossj002",0,3,11,"escoy001",10,78
"TBA201506160",9,1,"stord001",0,0,1,"rivef001",1,84
"TBA201506160",9,1,"thorm001",0,0,1,"stord001",1,89
"TBA201506220",6,0,"frann001",1,7,6,"cabra002",6,48
"TBA201506220",6,0,"belir001",1,0,1,"andrm001",1,50
"TBA201506220",6,1,"loupa001",0,0,1,"hutcd001",1,56
"TBA201506220",6,1,"redmt002",0,0,1,"loupa001",1,58
"TBA201506220",7,0,"romee002",1,0,1,"belir001",1,61
"TBA201506220",7,1,"hendl001",0,0,1,"redmt002",1,70
"TBA201506220",8,1,"goinr001",0,5,5,"colac001",7,78
"TBA201506220",8,1,"valed001",0,7,7,"valed001",5,78
"TBA201506220",8,1,"osunr001",0,0,1,"hendl001",1,80
"TBA201506220",9,0,"gelts001",1,0,1,"romee002",1,84
"TBA201506220",9,1,"smoaj001",0,3,3,"encae001",3,87
"TBA201506230",8,0,"smoaj001",0,9,11,"goinr001",4,62
"TBA201506230",8,1,"kawam001",0,9,4,"smoaj001",11,65
"TBA201506230",8,1,"delas001",0,0,1,"dickr001",1,65
"TBA201506230",9,0,"boxbb001",1,0,1,"archc001",1,69
"TBA201506240",7,0,"jepsk001",1,0,1,"karnn001",1,45
"TBA201506240",8,0,"mcgej001",1,0,1,"jepsk001",1,51
"TBA201506240",9,0,"boxbb001",1,0,1,"mcgej001",1,59
"TBA201506240",9,0,"carre001",0,4,12,"encae001",3,60
"TBA201506240",9,1,"carre001",0,4,7,"carre001",12,66
"TBA201506240",9,1,"colac001",0,7,3,"colac001",7,66
"TBA201506240",9,1,"souzs001",1,9,11,"casac001",2,67
"TBA201506240",9,1,"osunr001",0,0,1,"estrm001",1,69
"TBA201506240",10,0,"river003",1,9,2,"souzs001",11,70
"TBA201506240",10,0,"gelts001",1,0,1,"boxbb001",1,70
"TBA201506240",10,1,"schub001",0,0,1,"osunr001",1,73
"TBA201506240",11,1,"cecib001",0,0,1,"schub001",1,82
"TBA201506240",11,1,"frann001",1,8,12,"elmoj001",3,85
"TBA201506240",12,0,"frann001",1,8,3,"frann001",12,89
"TBA201506240",12,0,"gomeb001",1,0,1,"gelts001",1,89
"TBA201506240",12,1,"smoaj001",0,7,3,"colac001",3,93
"TBA201506240",12,1,"delas001",0,0,1,"cecib001",1,93
"TBA201506260",7,0,"jepsk001",1,0,1,"coloa001",1,55
"TBA201506260",7,1,"laynt001",0,0,1,"porcr001",1,59
"TBA201506260",7,1,"elmoj001",1,8,11,"kraum001",3,59
"TBA201506260",7,1,"tazaj001",0,0,1,"laynt001",1,62
"TBA201506260",8,0,"elmoj001",1,8,3,"elmoj001",11,63
"TBA201506260",8,0,"mcgej001",1,0,1,"jepsk001",1,63
"TBA201506260",9,0,"boxbb001",1,0,1,"mcgej001",1,71
"TBA201506260",9,1,"bresc001",0,0,1,"tazaj001",1,75
"TBA201506260",9,1,"ogana001",0,0,1,"bresc001",1,79
"TBA201506260",10,0,"gelts001",1,0,1,"boxbb001",1,80
"TBA201506260",10,0,"cedex001",1,0,1,"gelts001",1,84
"TBA201506260",10,0,"yatek001",1,0,1,"cedex001",1,85
"TBA201506260",10,1,"uehak001",0,0,1,"ogana001",1,86
"TBA201506270",7,0,"mcgej001",1,0,1,"andrm001",1,43
"TBA201506270",7,1,"barnm001",0,0,1,"milew001",1,47
"TBA201506270",8,0,"jepsk001",1,0,1,"mcgej001",1,53
"TBA201506270",9,0,"boxbb001",1,0,1,"jepsk001",1,61
"TBA201506280",2,1,"holtb002",0,2,3,"holtb002",4,13
"TBA201506280",2,1,"marrd001",0,6,4,"napom001",3,13
"TBA201506280",6,1,"ogana001",0,0,1,"mastj001",1,48
"TBA201506280",7,0,"cedex001",1,0,1,"archc001",1,53
"TBA201506280",7,1,"aro-j001",0,0,1,"ogana001",1,58
"TBA201506280",7,1,"tazaj001",0,0,1,"aro-j001",1,61
"TBA201506280",8,0,"belir001",1,0,1,"cedex001",1,64
"TBA201506280",8,1,"butlj002",1,7,11,"kraum001",3,70
"TBA201506280",9,0,"elmoj001",1,7,3,"butlj002",11,73
"TBA201506280",9,0,"yatek001",1,0,1,"belir001",1,73
"TBA201506280",9,1,"uehak001",0,0,1,"tazaj001",1,77
"TBA201506280",9,1,"kierk001",1,9,11,"river003",2,77
"TBA201506290",7,0,"cedex001",1,0,1,"karnn001",1,48
"TBA201506290",7,0,"rabur001",0,4,11,"murpd005",10,50
"TBA201506290",7,0,"gomeb001",1,0,1,"cedex001",1,50
"TBA201506290",8,0,"yatek001",1,0,1,"gomeb001",1,56
"TBA201506290",9,0,"belir001",1,0,1,"yatek001",1,63
"TBA201506290",9,1,"shawb001",0,0,1,"andec002",1,73
"TBA201506300",6,0,"cedex001",1,0,1,"ramie004",1,35
"TBA201506300",7,0,"gelts001",1,0,1,"cedex001",1,41
"TBA201506300",8,0,"yatek001",1,0,1,"gelts001",1,51
"TBA201506300",8,0,"belir001",1,0,1,"yatek001",1,56
"TBA201506300",8,1,"mcalz001",0,0,1,"salad001",1,62
"TBA201506300",9,1,"allec002",0,0,1,"mcalz001",1,66
"TBA201507010",8,0,"riefc001",1,0,1,"coloa001",1,51
"TBA201507010",8,0,"rabur001",0,4,11,"murpd005",10,51
"TBA201507010",8,0,"guilp001",1,0,1,"riefc001",1,57
"TBA201507010",9,0,"elmoj001",1,3,5,"longe001",5,61
"TBA201507010",9,1,"guyeb001",1,8,11,"kraum001",3,65
"TBA201507010",9,1,"sizeg001",1,9,11,"casac001",2,66
"TBA201507010",9,1,"adama001",0,0,1,"carrc003",1,69
"TBA201507020",5,0,"gelts001",1,0,1,"moorm003",1,40
"TBA201507020",5,0,"murpd005",0,4,11,"rabur001",10,40
"TBA201507020",7,0,"mcgej001",1,0,1,"gelts001",1,55
"TBA201507020",8,0,"boxbb001",1,0,1,"mcgej001",1,61
"TBA201507020",9,0,"jepsk001",1,0,1,"boxbb001",1,67
"TBA201507020",9,1,"shawb001",0,0,1,"klubc001",1,70
"TBA201507020",10,0,"cedex001",1,0,1,"jepsk001",1,73
"TBA201507020",10,1,"allec002",0,0,1,"shawb001",1,77
"TBA201507020",10,1,"dejed001",1,8,11,"elmoj001",3,77
"TBA201507020",10,1,"souzs001",1,9,11,"river003",2,78
"TBA201507100",7,0,"mcgej001",1,0,1,"ramie004",1,44
"TBA201507100",8,0,"gonzm002",0,8,11,"castj006",2,52
"TBA201507100",8,0,"jepsk001",1,0,1,"mcgej001",1,53
"TBA201507100",8,0,"congh001",0,9,11,"marij002",8,53
"TBA201507100",8,1,"rasmc001",0,6,8,"rasmc001",7,55
"TBA201507100",8,1,"presa001",0,8,7,"gonzm002",11,55
"TBA201507100",8,1,"congh001",0,9,2,"congh001",11,55
"TBA201507100",8,1,"thatj001",0,0,1,"mchuc001",1,55
"TBA201507100",8,1,"butlj002",1,2,11,"dejed001",7,57
"TBA201507100",8,1,"qualc001",0,0,1,"thatj001",1,57
"TBA201507100",9,0,"butlj002",1,2,7,"butlj002",11,58
"TBA201507100",9,0,"boxbb001",1,0,1,"jepsk001",1,58
"TBA201507110",3,0,"guyeb001",1,1,9,"guyeb001",8,17
"TBA201507110",3,0,"butlj002",1,5,7,"butlj002",9,17
"TBA201507110",3,0,"kierk001",1,7,8,"cabra002",6,17
"TBA201507110",3,0,"elmoj001",1,8,6,"elmoj001",7,17
"TBA201507110",6,0,"gelts001",1,0,1,"odorj001",1,43
"TBA201507110",7,0,"mcgej001",1,0,1,"gelts001",1,47
"TBA201507110",7,0,"cartc002",0,8,11,"singj001",3,49
"TBA201507110",7,0,"gonzm002",0,9,11,"presa001",7,50
"TBA201507110",7,0,"marij002",0,9,12,"gonzm002",11,51
"TBA201507110",7,1,"rasmc001",0,4,7,"rasmc001",8,52
"TBA201507110",7,1,"cartc002",0,8,3,"cartc002",11,52
"TBA201507110",7,1,"marij002",0,9,8,"marij002",12,52
"TBA201507110",8,0,"jepsk001",1,0,1,"mcgej001",1,57
"TBA201507110",8,1,"harrw002",0,0,1,"keucd001",1,60
"TBA201507110",8,1,"sippt001",0,0,1,"harrw002",1,64
"TBA201507110",9,0,"boxbb001",1,0,1,"jepsk001",1,65
"TBA201507120",6,0,"gomeb001",1,0,1,"moorm003",1,45
"TBA201507120",6,0,"tuckp001",0,8,11,"marij002",8,47
"TBA201507120",6,1,"rasmc001",0,5,8,"rasmc001",7,50
"TBA201507120",6,1,"tuckp001",0,8,7,"tuckp001",11,50
"TBA201507120",7,0,"gelts001",1,0,1,"gomeb001",1,53
"TBA201507120",7,1,"harrw002",0,0,1,"mccul002",1,57
"TBA201507120",8,0,"guyeb001",1,2,9,"sizeg001",9,60
"TBA201507120",8,0,"jepsk001",1,0,1,"gelts001",1,60
"TBA201507120",8,1,"thatj001",0,0,1,"harrw002",1,63
"TBA201507120",8,1,"neshp001",0,0,1,"thatj001",1,64
"TBA201507120",9,0,"boxbb001",1,0,1,"jepsk001",1,66
"TBA201507240",7,0,"cedex001",1,0,1,"archc001",1,46
"TBA201507240",7,0,"reimn001",0,7,11,"snidt001",7,46
"TBA201507240",7,1,"reimn001",0,7,7,"reimn001",11,50
"TBA201507240",8,0,"coloa001",1,0,1,"cedex001",1,53
"TBA201507240",8,1,"odayd001",0,0,1,"tillc001",1,58
"TBA201507240",8,1,"butlj002",1,9,11,"river003",2,58
"TBA201507240",9,0,"casac001",1,9,2,"butlj002",11,65
"TBA201507240",9,0,"mcgej001",1,0,1,"coloa001",1,65
"TBA201507240",9,0,"schoj001",0,9,11,"parmc001",3,68
"TBA201507250",8,0,"gelts001",1,0,1,"ramie004",1,54
"TBA201507250",8,1,"roe-c001",0,0,1,"gonzm003",1,59
"TBA201507250",9,0,"gomeb001",1,0,1,"gelts001",1,60
"TBA201507260",6,0,"coloa001",1,0,1,"moorm003",1,47
"TBA201507260",6,1,"huntt002",0,0,1,"chenw001",1,53
"TBA201507260",7,1,"bracb001",0,0,1,"huntt002",1,59
"TBA201507260",7,1,"jasoj001",1,9,11,"casac001",2,59
"TBA201507260",7,1,"kierk001",1,1,11,"guyeb001",8,60
"TBA201507260",8,0,"kierk001",1,1,8,"kierk001",11,63
"TBA201507260",8,0,"river003",1,9,2,"jasoj001",11,63
"TBA201507260",8,1,"odayd001",0,0,1,"bracb001",1,67
"TBA201507260",8,1,"dejed001",1,5,11,"butlj002",7,68
"TBA201507260",9,0,"dejed001",1,5,7,"dejed001",11,70
"TBA201507260",9,0,"gomeb001",1,0,1,"coloa001",1,70
"TBA201507260",9,1,"britz001",0,0,1,"odayd001",1,73
"TBA201507270",6,1,"albua001",0,0,1,"sanca004",1,45
"TBA201507270",6,1,"kroli001",0,0,1,"albua001",1,47
"TBA201507270",6,1,"butlj002",1,1,11,"jasoj001",10,47
"TBA201507270",6,1,"guyeb001",1,2,11,"dejed001",7,48
"TBA201507270",7,0,"guyeb001",1,2,8,"guyeb001",11,49
"TBA201507270",7,0,"elmoj001",1,7,7,"kierk001",8,49
"TBA201507270",7,0,"jepsk001",1,0,1,"karnn001",1,51
"TBA201507270",7,1,"wilsa001",0,0,1,"kroli001",1,55
"TBA201507270",8,0,"mcgej001",1,0,1,"jepsk001",1,58
"TBA201507270",8,0,"davir003",0,8,11,"romia001",3,58
"TBA201507270",8,0,"martj007",0,9,11,"gosea001",8,59
"TBA201507270",8,1,"davir003",0,8,8,"davir003",11,64
"TBA201507270",8,1,"martj007",0,9,3,"martj007",11,64
"TBA201507270",8,1,"rondb001",0,0,1,"wilsa001",1,64
"TBA201507270",9,0,"boxbb001",1,0,1,"mcgej001",1,69
"TBA201507280",7,0,"cedex001",1,0,1,"odorj001",1,50
"TBA201507280",7,1,"albua001",0,0,1,"pricd001",1,53
"TBA201507280",7,1,"jasoj001",1,2,11,"butlj002",10,55
"TBA201507280",8,0,"gelts001",1,0,1,"cedex001",1,56
"TBA201507280",8,1,"felin001",0,0,1,"albua001",1,60
"TBA201507280",8,1,"hardb001",0,0,1,"felin001",1,66
"TBA201507280",9,0,"gomeb001",1,0,1,"gelts001",1,68
"TBA201507290",7,0,"guyeb001",1,1,7,"jasoj001",7,37
"TBA201507290",7,1,"beckt001",1,4,12,"lonej001",3,49
"TBA201507290",8,0,"beckt001",1,4,4,"beckt001",12,50
"TBA201507290",8,0,"forsl001",1,5,3,"forsl001",4,50
"TBA201507290",8,0,"gelts001",1,0,1,"archc001",1,50
"TBA201507290",8,1,"romia001",0,6,5,"castn001",5,53
"TBA201507290",8,1,"butlj002",1,9,11,"river003",2,55
"TBA201507290",9,0,"wilsb002",1,9,2,"butlj002",11,56
"TBA201507290",9,0,"boxbb001",1,0,1,"gelts001",1,56
"TBA201507290",9,1,"sorij001",0,0,1,"verlj001",1,61
"TBA201508070",7,0,"gelts001",1,0,1,"odorj001",1,46
"TBA201508070",7,1,"oflae001",0,0,1,"degrj001",1,50
"TBA201508070",7,1,"guyeb001",1,7,11,"navad002",9,50
"TBA201508070",7,1,"parnb001",0,0,1,"oflae001",1,52
"TBA201508070",8,0,"guyeb001",1,7,9,"guyeb001",11,54
"TBA201508070",8,0,"mcgej001",1,0,1,"gelts001",1,54
"TBA201508070",8,1,"clipt001",0,0,1,"parnb001",1,58
"TBA201508070",9,0,"boxbb001",1,0,1,"mcgej001",1,62
"TBA201508070",9,0,"coloa001",1,0,1,"boxbb001",1,69
"TBA201508070",9,1,"cespy001",0,3,7,"cespy001",8,70
"TBA201508070",9,1,"lagaj001",0,6,8,"confm001",7,70
"TBA201508070",9,1,"famij001",0,0,1,"clipt001",1,70
"TBA201508080",3,0,"river003",1,9,2,"casac001",2,24
"TBA201508080",5,1,"gilms001",0,0,1,"syndn001",1,50
"TBA201508080",5,1,"guyeb001",1,7,11,"navad002",9,52
"TBA201508080",6,0,"guyeb001",1,7,9,"guyeb001",11,55
"TBA201508080",6,0,"cedex001",1,0,1,"karnn001",1,55
"TBA201508080",7,0,"gelts001",1,0,1,"cedex001",1,63
"TBA201508080",7,1,"torrc001",0,0,1,"gilms001",1,66
"TBA201508080",8,0,"mcgej001",1,0,1,"gelts001",1,69
"TBA201508080",8,0,"florw001",0,6,11,"confm001",7,69
"TBA201508080",8,0,"lagaj001",0,8,11,"johnk003",4,71
"TBA201508080",8,1,"cespy001",0,3,7,"cespy001",8,72
"TBA201508080",8,1,"florw001",0,6,4,"florw001",11,72
"TBA201508080",8,1,"lagaj001",0,8,8,"lagaj001",11,72
"TBA201508080",9,0,"boxbb001",1,0,1,"mcgej001",1,75
"TBA201508090",7,0,"cedex001",1,0,1,"archc001",1,50
"TBA201508090",7,0,"lagaj001",0,8,11,"johnk003",9,50
"TBA201508090",7,1,"lagaj001",0,8,9,"lagaj001",11,54
"TBA201508090",7,1,"oflae001",0,0,1,"colob001",1,58
"TBA201508090",7,1,"kierk001",1,1,12,"jasoj001",7,58
"TBA201508090",7,1,"butlj002",1,2,11,"sizeg001",9,58
"TBA201508090",8,0,"kierk001",1,1,8,"kierk001",12,59
"TBA201508090",8,0,"butlj002",1,2,7,"butlj002",11,59
"TBA201508090",8,0,"guyeb001",1,8,9,"guyeb001",8,59
"TBA201508090",8,0,"gelts001",1,0,1,"cedex001",1,59
"TBA201508090",8,1,"parnb001",0,0,1,"oflae001",1,63
"TBA201508090",9,0,"mcgej001",1,0,1,"gelts001",1,67
"TBA201508110",8,0,"gomeb001",1,0,1,"ramie004",1,52
"TBA201508110",9,0,"guyeb001",1,2,7,"sizeg001",7,58
"TBA201508110",9,0,"cedex001",1,0,1,"gomeb001",1,59
"TBA201508120",6,1,"mckia001",0,0,1,"wislm001",1,47
"TBA201508120",6,1,"guyeb001",1,7,11,"navad002",9,48
"TBA201508120",6,1,"aardd001",0,0,1,"mckia001",1,51
"TBA201508120",6,1,"shafr001",1,1,11,"jasoj001",10,51
"TBA201508120",7,0,"guyeb001",1,7,9,"guyeb001",11,52
"TBA201508120",7,0,"peree003",0,7,12,"swisn001",10,53
"TBA201508120",7,0,"coloa001",1,0,1,"odorj001",1,54
"TBA201508120",7,1,"markm001",0,0,1,"aardd001",1,58
"TBA201508120",7,1,"beckt001",1,4,12,"lonej001",3,61
"TBA201508120",7,1,"kellr001",0,0,1,"markm001",1,66
"TBA201508120",8,0,"beckt001",1,4,4,"beckt001",12,69
"TBA201508120",8,0,"forsl001",1,5,3,"forsl001",4,69
"TBA201508120",8,0,"mcgej001",1,0,1,"coloa001",1,69
"TBA201508120",8,1,"vizca001",0,0,1,"kellr001",1,72
"TBA201508120",9,0,"boxbb001",1,0,1,"mcgej001",1,75
"TBA201508250",3,1,"grahj002",0,0,1,"sante001",1,36
"TBA201508250",4,0,"navad002",1,2,7,"jennd002",7,38
"TBA201508250",4,0,"andrm001",1,0,1,"karnn001",1,38
"TBA201508250",4,1,"cottn001",0,0,1,"grahj002",1,47
"TBA201508250",6,0,"river003",1,9,2,"casac001",2,61
"TBA201508250",6,1,"fienc001",0,0,1,"cottn001",1,64
"TBA201508250",7,0,"cedex001",1,0,1,"andrm001",1,67
"TBA201508250",8,0,"romee002",1,0,1,"cedex001",1,76
"TBA201508250",8,1,"may-t001",0,0,1,"fienc001",1,79
"TBA201508250",9,1,"jepsk001",0,0,1,"may-t001",1,88
"TBA201508260",6,1,"duenb001",0,0,1,"dufft001",1,54
"TBA201508260",6,1,"guyeb001",1,2,11,"sizeg001",7,55
"TBA201508260",7,0,"guyeb001",1,2,7,"guyeb001",11,56
"TBA201508260",7,0,"cedex001",1,0,1,"archc001",1,59
"TBA201508260",7,0,"coloa001",1,0,1,"cedex001",1,60
"TBA201508260",7,1,"boyeb001",0,0,1,"duenb001",1,65
"TBA201508260",8,0,"gomeb001",1,0,1,"coloa001",1,68
"TBA201508260",8,1,"arenj001",1,9,11,"river003",2,75
"TBA201508260",9,0,"arenj001",1,9,2,"arenj001",11,76
"TBA201508260",9,0,"romee002",1,0,1,"gomeb001",1,76
"TBA201508260",9,1,"jepsk001",0,0,1,"boyeb001",1,80
"TBA201508270",5,0,"gomeb001",1,0,1,"smyld001",1,38
"TBA201508270",6,1,"boyeb001",0,0,1,"milot001",1,51
"TBA201508270",6,1,"jasoj001",1,7,11,"beckt001",10,51
"TBA201508270",6,1,"cottn001",0,0,1,"boyeb001",1,52
"TBA201508270",7,0,"coloa001",1,0,1,"gomeb001",1,55
"TBA201508270",7,1,"fienc001",0,0,1,"cottn001",1,61
"TBA201508270",9,0,"boxbb001",1,0,1,"coloa001",1,69
"TBA201508270",9,0,"rosae001",0,9,11,"robis001",7,70
"TBA201508270",9,0,"herrc001",0,1,11,"buxtb001",8,71
"TBA201508280",5,0,"cedex001",1,0,1,"ramie004",1,40
"TBA201508280",6,0,"andrm001",1,0,1,"cedex001",1,47
"TBA201508280",7,1,"moraf001",0,0,1,"volqe001",1,59
"TBA201508280",7,1,"guyeb001",1,1,11,"sizeg001",7,59
"TBA201508280",7,1,"beckt001",1,9,12,"river003",2,60
"TBA201508280",8,0,"guyeb001",1,1,7,"guyeb001",11,61
"TBA201508280",8,0,"arenj001",1,9,2,"beckt001",12,61
"TBA201508280",8,1,"herrk001",0,0,1,"moraf001",1,65
"TBA201508280",9,0,"gelts001",1,0,1,"andrm001",1,69
"TBA201508280",9,1,"hollg001",0,0,1,"herrk001",1,72
"TBA201508290",5,0,"gelts001",1,0,1,"odorj001",1,44
"TBA201508290",6,1,"moraf001",0,0,1,"medlk001",1,58
"TBA201508290",6,1,"butlj002",1,7,11,"lonej001",3,58
"TBA201508290",7,0,"navad002",1,2,3,"navad002",9,59
"TBA201508290",7,0,"butlj002",1,7,9,"butlj002",11,59
"TBA201508290",7,0,"romee002",1,0,1,"gelts001",1,59
"TBA201508290",7,1,"guyeb001",1,9,11,"river003",2,63
"TBA201508290",7,1,"arenj001",1,1,11,"sizeg001",7,64
"TBA201508290",7,1,"younc003",0,0,1,"moraf001",1,64
"TBA201508290",8,0,"arenj001",1,1,2,"arenj001",11,66
"TBA201508290",8,0,"butlj002",1,7,7,"butlj002",9,66
"TBA201508290",8,0,"guyeb001",1,9,9,"guyeb001",11,66
"TBA201508290",9,0,"gomeb001",1,0,1,"romee002",1,80
"TBA201508290",9,1,"daviw001",0,0,1,"younc003",1,81
"TBA201508300",6,0,"cedex001",1,0,1,"karnn001",1,49
"TBA201508300",6,1,"hochl001",0,0,1,"duffd001",1,52
"TBA201508300",7,0,"coloa001",1,0,1,"cedex001",1,56
"TBA201508300",8,0,"navad002",1,2,7,"navad002",3,63
"TBA201508300",8,0,"lonej001",1,5,3,"butlj002",7,63
"TBA201508300",8,1,"younc003",0,0,1,"hochl001",1,67
"TBA201508300",8,1,"cabra002",1,6,11,"beckt001",6,68
"TBA201508300",9,0,"cabra002",1,6,6,"cabra002",11,70
"TBA201508300",9,0,"boxbb001",1,0,1,"coloa001",1,70
"TBA201509110",6,0,"romee002",1,0,1,"archc001",1,43
"TBA201509110",6,0,"gomeb001",1,0,1,"romee002",1,45
"TBA201509110",7,0,"gelts001",1,0,1,"gomeb001",1,52
"TBA201509110",7,1,"rutlj001",0,2,4,"holtb002",4,57
"TBA201509110",7,1,"arenj001",1,9,11,"river003",2,58
"TBA201509110",8,0,"arenj001",1,9,2,"arenj001",11,62
"TBA201509110",8,0,"bella001",1,0,1,"gelts001",1,62
"TBA201509110",8,1,"tazaj001",0,0,1,"milew001",1,68
"TBA201509110",8,1,"laynt001",0,0,1,"tazaj001",1,76
"TBA201509110",8,1,"ramin002",0,0,1,"laynt001",1,77
"TBA201509110",9,0,"boxbb001",1,0,1,"bella001",1,79
"TBA201509120",6,0,"frann001",1,5,6,"cabra002",6,47
"TBA201509120",6,0,"navad002",1,7,9,"souzs001",9,47
"TBA201509120",6,0,"yatek001",1,0,1,"moorm003",1,47
"TBA201509120",7,0,"riefc001",1,0,1,"yatek001",1,55
"TBA201509120",7,0,"craia001",0,4,12,"ortid001",10,56
"TBA201509120",7,1,"marrd001",0,3,6,"bogax001",6,61
"TBA201509120",7,1,"mahtm001",1,8,11,"kierk001",8,63
"TBA201509120",7,1,"maill001",1,9,11,"arenj001",2,64
"TBA201509120",8,0,"shafr001",1,3,5,"longe001",5,66
"TBA201509120",8,0,"butlj002",1,6,9,"lonej001",3,66
"TBA201509120",8,0,"navad002",1,7,3,"navad002",9,66
"TBA201509120",8,0,"mahtm001",1,8,8,"mahtm001",11,66
"TBA201509120",8,0,"maill001",1,9,2,"maill001",11,66
"TBA201509120",8,0,"beckt001",1,4,4,"forsl001",4,66
"TBA201509120",8,0,"andrm001",1,0,1,"riefc001",1,66
"TBA201509120",8,0,"rutlj001",0,2,12,"pedrd001",4,69
"TBA201509120",8,1,"rutlj001",0,2,4,"rutlj001",12,71
"TBA201509120",8,1,"hembh001",0,0,1,"porcr001",1,71
"TBA201509120",9,0,"bella001",1,0,1,"andrm001",1,75
"TBA201509120",9,1,"barnm001",0,0,1,"hembh001",1,78
"TBA201509130",7,0,"gelts001",1,0,1,"smyld001",1,48
"TBA201509130",7,0,"coloa001",1,0,1,"gelts001",1,52
"TBA201509130",8,1,"machj002",0,0,1,"hillr001",1,59
"TBA201509130",8,1,"navad002",1,9,11,"arenj001",2,60
"TBA201509130",9,0,"river003",1,9,2,"navad002",11,62
"TBA201509130",9,0,"boxbb001",1,0,1,"coloa001",1,62
"TBA201509130",9,1,"cabra002",1,2,11,"mahtm001",10,65
"TBA201509130",9,1,"ramin002",0,0,1,"machj002",1,66
"TBA201509130",10,0,"gomeb001",1,0,1,"boxbb001",1,68
"TBA201509130",10,1,"lonej001",1,7,11,"shafr001",3,75
"TBA201509130",10,1,"laynt001",0,0,1,"ramin002",1,75
"TBA201509130",10,1,"butlj002",1,9,11,"river003",2,77
"TBA201509130",11,0,"lonej001",1,7,3,"lonej001",11,78
"TBA201509130",11,0,"maill001",1,9,2,"butlj002",11,78
"TBA201509130",11,1,"ogana001",0,0,1,"laynt001",1,82
"TBA201509130",11,1,"sizeg001",1,1,11,"guyeb001",7,82
"TBA201509130",12,0,"sizeg001",1,1,7,"sizeg001",11,85
"TBA201509130",12,0,"romee002",1,0,1,"gomeb001",1,85
"TBA201509130",12,1,"hembh001",0,0,1,"ogana001",1,88
"TBA201509130",12,1,"jasoj001",1,6,11,"beckt001",6,90
"TBA201509130",13,0,"frann001",1,6,6,"jasoj001",11,92
"TBA201509130",13,0,"bella001",1,0,1,"romee002",1,96
"TBA201509130",13,1,"rossr002",0,0,1,"hembh001",1,98
"TBA201509140",7,1,"wilsj004",0,0,1,"sabac001",1,48
"TBA201509140",8,0,"noelr001",0,5,12,"beltc001",9,51
"TBA201509140",8,0,"coloa001",1,0,1,"ramie004",1,54
"TBA201509140",8,1,"heats001",0,5,9,"noelr001",12,55
"TBA201509140",8,1,"cothc001",0,0,1,"wilsj004",1,59
"TBA201509140",9,0,"boxbb001",1,0,1,"coloa001",1,60
"TBA201509140",9,0,"ackld001",0,9,11,"ryanb002",4,60
"TBA201509140",9,0,"younc004",0,3,12,"rodra001",10,65
"TBA201509140",9,0,"riefc001",1,0,1,"boxbb001",1,67
"TBA201509140",9,1,"drews001",0,9,4,"ackld001",11,69
"TBA201509140",9,1,"milla002",0,0,1,"cothc001",1,69
"TBA201509140",9,1,"butlj002",1,8,11,"kierk001",8,71
"TBA201509150",5,0,"frann001",1,5,6,"cabra002",6,33
"TBA201509150",5,1,"pazoj001",0,0,1,"warra001",1,38
"TBA201509150",5,1,"rumbn001",0,0,1,"pazoj001",1,41
"TBA201509150",5,1,"souzs001",1,2,11,"sizeg001",7,41
"TBA201509150",6,0,"souzs001",1,2,9,"souzs001",11,43
"TBA201509150",6,0,"mahtm001",1,7,7,"mahtm001",9,43
"TBA201509150",6,1,"shrec001",0,0,1,"rumbn001",1,52
"TBA201509150",7,0,"romee002",1,0,1,"odorj001",1,54
"TBA201509150",7,0,"younc004",0,9,11,"drews001",4,55
"TBA201509150",7,1,"ryanb002",0,9,4,"younc004",11,59
"TBA201509150",7,1,"pindb001",0,0,1,"shrec001",1,60
"TBA201509150",8,0,"coloa001",1,0,1,"romee002",1,64
"TBA201509150",8,0,"noelr001",0,5,12,"beltc001",9,67
"TBA201509150",8,1,"noelr001",0,5,9,"noelr001",12,68
"TBA201509150",8,1,"mitcb001",0,0,1,"pindb001",1,68
"TBA201509150",8,1,"martc007",0,0,1,"mitcb001",1,74
"TBA201509150",9,0,"gomeb001",1,0,1,"coloa001",1,75
"TBA201509150",9,0,"ackld001",0,9,11,"ryanb002",4,77
"TBA201509160",6,1,"wilsj004",0,0,1,"sevel001",1,52
"TBA201509160",7,0,"riefc001",1,0,1,"archc001",1,53
"TBA201509160",7,0,"younc004",0,9,11,"ackld001",4,53
"TBA201509160",7,1,"drews001",0,9,4,"younc004",11,56
"TBA201509160",7,1,"betad001",0,0,1,"wilsj004",1,58
"TBA201509160",7,1,"sizeg001",1,2,11,"mahtm001",7,58
"TBA201509160",8,0,"sizeg001",1,2,7,"sizeg001",11,62
"TBA201509160",8,0,"bella001",1,0,1,"riefc001",1,62
"TBA201509160",8,1,"heats001",0,5,9,"beltc001",9,65
"TBA201509160",9,1,"milla002",0,0,1,"betad001",1,73
"TBA201509160",9,1,"guyeb001",1,9,11,"river003",2,73
"TBA201509160",9,1,"shafr001",1,1,11,"jasoj001",10,74
"TBA201509160",9,1,"beckt001",1,2,11,"sizeg001",7,75
"TBA201509170",6,1,"matub001",0,0,1,"tillc001",1,46
"TBA201509170",6,1,"roe-c001",0,0,1,"matub001",1,47
"TBA201509170",8,0,"coloa001",1,0,1,"moorm003",1,54
"TBA201509170",8,0,"parrg001",0,9,11,"alvad002",9,58
"TBA201509170",8,0,"clevs001",0,1,11,"reimn001",7,59
"TBA201509170",8,0,"flahr001",0,1,12,"clevs001",11,60
"TBA201509170",8,1,"flahr001",0,1,3,"flahr001",12,65
"TBA201509170",8,1,"pears001",0,7,7,"pears001",3,65
"TBA201509170",8,1,"parrg001",0,9,9,"parrg001",11,65
"TBA201509170",8,1,"bracb001",0,0,1,"roe-c001",1,65
"TBA201509170",8,1,"sizeg001",1,7,11,"beckt001",6,68
"TBA201509170",9,0,"frann001",1,7,6,"sizeg001",11,69
"TBA201509170",9,0,"yatek001",1,0,1,"coloa001",1,69
"TBA201509170",9,1,"odayd001",0,0,1,"bracb001",1,72
"TBA201509170",9,1,"navad002",1,9,11,"maill001",2,73
"TBA201509180",5,1,"roe-c001",0,0,1,"wilst004",1,43
"TBA201509180",6,0,"gomeb001",1,0,1,"smyld001",1,52
"TBA201509180",6,1,"mcfat001",0,0,1,"roe-c001",1,53
"TBA201509180",6,1,"shafr001",1,1,11,"jasoj001",10,53
"TBA201509180",6,1,"givem001",0,0,1,"mcfat001",1,55
"TBA201509180",8,0,"gelts001",1,0,1,"gomeb001",1,63
"TBA201509180",8,1,"drako001",0,0,1,"givem001",1,66
"TBA201509180",9,0,"mahtm001",1,2,7,"mahtm001",8,71
"TBA201509180",9,0,"kierk001",1,4,8,"sizeg001",7,71
"TBA201509180",9,0,"boxbb001",1,0,1,"gelts001",1,71
"TBA201509190",7,1,"butlj002",1,9,11,"maill001",2,55
"TBA201509190",8,0,"river003",1,9,2,"butlj002",11,56
"TBA201509190",8,0,"bella001",1,0,1,"ramie004",1,56
"TBA201509190",8,1,"odayd001",0,0,1,"chenw001",1,60
"TBA201509190",8,1,"jasoj001",1,1,11,"guyeb001",7,60
"TBA201509190",8,1,"sizeg001",1,2,11,"shafr001",5,61
"TBA201509190",8,1,"mahtm001",1,2,12,"sizeg001",11,62
"TBA201509190",9,0,"frann001",1,1,4,"jasoj001",11,64
"TBA201509190",9,0,"mahtm001",1,2,7,"mahtm001",12,64
"TBA201509190",9,0,"forsl001",1,4,5,"forsl001",4,64
"TBA201509190",9,0,"andrm001",1,0,1,"bella001",1,64
"TBA201509190",9,1,"britz001",0,0,1,"odayd001",1,67
"TBA201509190",9,1,"beckt001",1,6,11,"lonej001",3,69
"TBA201509200",6,0,"gomeb001",1,0,1,"odorj001",1,51
"TBA201509200",7,0,"coloa001",1,0,1,"gomeb001",1,55
"TBA201509200",7,1,"bracb001",0,0,1,"gausk001",1,59
"TBA201509200",8,0,"gelts001",1,0,1,"coloa001",1,64
"TBA201509200",8,0,"bella001",1,0,1,"gelts001",1,69
"TBA201509200",8,1,"givem001",0,0,1,"bracb001",1,70
"TBA201509200",8,1,"frann001",1,5,12,"lonej001",3,72
"TBA201509200",8,1,"cabra002",1,6,11,"mahtm001",9,72
"TBA201509200",9,0,"shafr001",1,5,3,"frann001",12,76
"TBA201509200",9,0,"butlj002",1,6,9,"cabra002",11,76
"TBA201509200",9,0,"cedex001",1,0,1,"bella001",1,76
"TBA201509200",9,0,"yatek001",1,0,1,"cedex001",1,77
"TBA201509200",9,1,"britz001",0,0,1,"givem001",1,79
"TBA201509200",9,1,"guyeb001",1,1,11,"jasoj001",10,79
"TBA201509200",9,1,"souzs001",1,2,11,"sizeg001",7,80
"TBA201509290",3,0,"beckt001",1,4,4,"forsl001",4,16
"TBA201509290",7,1,"ellib001",0,0,1,"conla001",1,53
"TBA201509290",8,0,"cedex001",1,0,1,"moorm003",1,56
"TBA201509290",8,0,"coloa001",1,0,1,"cedex001",1,58
"TBA201509290",8,1,"morrb002",0,0,1,"ellib001",1,62
"TBA201509290",8,1,"jasoj001",1,4,11,"beckt001",4,63
"TBA201509290",8,1,"frann001",1,4,12,"jasoj001",11,64
"TBA201509290",9,0,"frann001",1,4,4,"frann001",12,67
"TBA201509290",9,0,"boxbb001",1,0,1,"coloa001",1,67
"TBA201509300",5,1,"handb001",0,0,1,"cosaj001",1,43
"TBA201509300",6,1,"mahtm001",1,1,11,"jasoj001",7,52
"TBA201509300",6,1,"urenj001",0,0,1,"handb001",1,52
"TBA201509300",7,0,"mahtm001",1,1,7,"mahtm001",11,53
"TBA201509300",7,0,"gomeb001",1,0,1,"smyld001",1,53
"TBA201509300",7,0,"suzui001",0,8,11,"mcgec001",10,55
"TBA201509300",7,0,"mcgej001",1,0,1,"gomeb001",1,57
"TBA201509300",7,1,"narvc001",0,0,1,"urenj001",1,62
"TBA201509300",8,0,"romee002",1,0,1,"mcgej001",1,63
"TBA201509300",9,0,"boxbb001",1,0,1,"romee002",1,72
"TBA201510010",7,1,"barrk002",0,0,1,"fernj003",1,56
"TBA201510010",7,1,"dunnm002",0,0,1,"barrk002",1,60
"TBA201510010",8,0,"mahtm001",1,4,7,"sizeg001",7,64
"TBA201510010",8,0,"cedex001",1,0,1,"odorj001",1,64
"TBA201510010",8,1,"morrb002",0,0,1,"dunnm002",1,68
"TBA201510010",9,0,"boxbb001",1,0,1,"cedex001",1,71
"TBA201510020",6,0,"romee002",1,0,1,"ramie004",1,50
"TBA201510020",7,0,"bella001",1,0,1,"romee002",1,57
"TBA201510020",7,0,"riefc001",1,0,1,"bella001",1,62
"TBA201510020",7,1,"lowem002",0,0,1,"buehm001",1,66
"TBA201510020",8,0,"yatek001",1,0,1,"riefc001",1,69
"TBA201510020",8,1,"smoaj001",0,4,3,"encae001",3,72
"TBA201510020",8,1,"sanca006",0,0,1,"lowem002",1,72
"TBA201510020",9,0,"andrm001",1,0,1,"yatek001",1,75
"TBA201510020",9,1,"cecib001",0,0,1,"sanca006",1,79
"TBA201510020",9,1,"osunr001",0,0,1,"cecib001",1,81
"TBA201510030",6,0,"gomeb001",1,0,1,"archc001",1,39
"TBA201510030",6,0,"riefc001",1,0,1,"gomeb001",1,44
"TBA201510030",6,0,"colac001",0,9,11,"pennc001",4,45
"TBA201510030",6,1,"barnd001",0,9,4,"colac001",11,46
"TBA201510030",7,0,"gelts001",1,0,1,"riefc001",1,50
"TBA201510030",7,1,"hawkl001",0,0,1,"estrm001",1,55
"TBA201510030",8,0,"mcgej001",1,0,1,"gelts001",1,56
"TBA201510030",8,1,"cecib001",0,0,1,"hawkl001",1,61
"TBA201510030",8,1,"shafr001",1,9,11,"river003",2,62
"TBA201510030",8,1,"guyeb001",1,1,11,"jasoj001",7,63
"TBA201510030",8,1,"lowem002",0,0,1,"cecib001",1,63
"TBA201510030",9,0,"guyeb001",1,1,7,"guyeb001",11,64
"TBA201510030",9,0,"mahtm001",1,8,8,"kierk001",8,64
"TBA201510030",9,0,"maill001",1,9,2,"shafr001",11,64
"TBA201510030",9,0,"coloa001",1,0,1,"mcgej001",1,64
"TBA201510030",9,1,"osunr001",0,0,1,"lowem002",1,67
"TBA201510040",1,1,"teper001",0,0,1,"buehm001",1,14
"TBA201510040",3,0,"frann001",1,4,4,"cabra002",6,25
"TBA201510040",3,0,"beckt001",1,7,6,"beckt001",4,25
"TBA201510040",3,1,"hutcd001",0,0,1,"teper001",1,29
"TBA201510040",4,1,"shafr001",1,3,11,"longe001",5,37
"TBA201510040",5,0,"shafr001",1,3,5,"shafr001",11,39
"TBA201510040",5,1,"hendl001",0,0,1,"hutcd001",1,48
"TBA201510040",6,1,"diazj004",0,1,7,"reveb001",7,54
"TBA201510040",6,1,"pennc001",0,2,5,"donaj001",5,54
"TBA201510040",6,1,"carre001",0,3,9,"bautj002",9,54
"TBA201510040",6,1,"smoaj001",0,4,3,"encae001",3,54
"TBA201510040",6,1,"tholj001",0,6,2,"martr004",2,54
"TBA201510040",6,1,"loupa001",0,0,1,"hendl001",1,54
"TBA201510040",7,0,"andrm001",1,0,1,"moorm003",1,58
"TBA201510040",7,1,"pennc001",0,2,6,"pennc001",5,62
"TBA201510040",7,1,"kawam001",0,9,5,"goinr001",4,62
"TBA201510040",7,1,"pompd001",0,7,8,"tulot001",6,62
"TBA201510040",7,1,"barnd001",0,8,4,"pillk001",8,62
"TBA201510040",7,1,"sanca006",0,0,1,"loupa001",1,63
"TBA201510040",8,0,"navad002",1,6,3,"lonej001",3,65
"TBA201510040",8,1,"franj003",0,0,1,"sanca006",1,71
"TBA201510040",9,0,"romee002",1,0,1,"andrm001",1,74
